from upstash_vector import Index, Vector

index = Index(url="https://new-herring-33493-us1-vector.upstash.io", token="ABUFMG5ldy1oZXJyaW5nLTMzNDkzLXVzMWFkbWluTjJNek5EazROREV0TW1OaE1TMDBORGxqTFdJek0yTXRNakF5TWpObU9XUXhNalJp")

index.upsert(
  vectors=[
    Vector(
      id="id-0",
      vector=[0.99, 0.9, 0.28, 0.7, 0.74, 0.83, 0.37, 0.72, 0.69, 0.35, 0.57, 0.33, 0.59, 0.4, 0.96, 0.68, 0.07, 0.82, 0.67, 0.26, 0.29, 0.77, 0.88, 0.42, 0.15, 0.16, 0.28, 0.5, 0.92, 0.73, 0.55, 0.91, 0.66, 0.35, 0.13, 0.16, 0.11, 0.25, 0.43, 0.03, 0.11, 0.23, 0.4, 0.64, 0.85, 0.79, 0.46, 0.83, 0.8, 0.29, 0.29, 0.49, 0.48, 0.96, 0.78, 0.98, 0.5, 0.05, 0.4, 0.74, 0.45, 0.04, 0.46, 0.81, 0.65, 0.39, 0.44, 0.19, 0.97, 0.48, 0.65, 0.9, 0.32, 0.85, 0.97, 0.86, 0.8, 0.72, 0.9, 0.93, 0.24, 0.46, 0.21, 0.73, 0.7, 0.33, 0.81, 0.69, 0.55, 0.55, 0.02, 0.58, 0.86, 0.31, 0.82, 0.77, 0.66, 0.37, 0.4, 1, 0.92, 0.93, 0.96, 0.74, 0.8, 0.36, 0.7, 0.01, 0.13, 0.09, 0.49, 0.71, 0.37, 0.29, 0.83, 0.87, 0.83, 0.95, 0.47, 0.87, 0.19, 0.34, 0.54, 0.95, 0.04, 0.57, 0.85, 0.46, 0.15, 0.29, 0.54, 0.45, 0.12, 0.41, 0.67, 0.01, 0.68, 0.76, 0.45, 0.11, 0.44, 0.6, 0.57, 0.4, 0.22, 0.23, 0.39, 0.52, 0.52, 0.68, 0.39, 0.34, 0.46, 0.92, 0.46, 0.81, 0.02, 0.04, 0.94, 0.34, 0.81, 0.01, 0.57, 0.94, 0.09, 0.81, 0.18, 0.41, 0.83, 0.97, 0.96, 0.22, 0.88, 0.21, 0.64, 0.13, 0.21, 0.35, 0.64, 0.08, 0.97, 0.11, 0.15, 0.67, 0.87, 0.62, 0.69, 0.01, 0.86, 0.68, 0.61, 0.73, 0.78, 0.92, 0.87, 0.33, 0.45, 0.96, 0.1, 0.41, 0.06, 0.51, 0, 0.62, 0.16, 0.57, 0.47, 0.21, 0.71, 0.6, 0.4, 0.29, 0.73, 1, 0.5, 0.48, 0.08, 0.1, 0.45, 0.54, 0.04, 0.25, 0.89, 0.71, 0.63, 0.49, 0.63, 0.63, 0.7, 0.84, 0.78, 0.77, 0.51, 0.9, 0.96, 0.69, 0.2, 0.66, 0.31, 0.12, 0.68, 0.85, 0.99, 0.81, 0.72, 0.62, 0.33, 0.33, 0.66, 0.45, 0.14, 0.7, 0.37, 0.95, 0.62, 0.39, 0.13, 0.59, 0.9, 0.18, 0.79, 0.45, 0.85, 0.99, 0.95, 0.32, 0.17, 0.97, 0.43, 0.27, 1, 0.03, 0.02, 0.45, 0.11, 0.77, 0.01, 0.89, 0.29, 0.88, 0.21, 0.28, 0.15, 0.54, 0.38, 0.48, 0.33, 0.22, 0.7, 0.63, 0.79, 0.91, 0.86, 0.85, 0.58, 0.97, 0.43, 0.82, 0, 0.24, 0.81, 0.09, 0.08, 0.21, 0.04, 0.42, 0.82, 0.73, 0.04, 0.96, 0.8, 0.53, 0.81, 0.8, 0.26, 0.37, 0.33, 0.77, 0.71, 0.36, 0.95, 0.77, 0.77, 0.55, 0.11, 0.64, 0.38, 0.01, 0.82, 0.55, 0.29, 0.97, 0.12, 0.08, 0.99, 0.18, 0.41, 0.3, 0.84, 0.67, 0.52, 0.87, 0.73, 0.35, 0.78, 0.31, 0.07, 0.51, 0.82, 0.46, 0.11, 0.59, 0.69, 0.79, 0.75, 0.69, 0.85, 0.31, 0.75, 0.75, 0.05, 0.46, 0.13, 0.03, 0.91, 0.15, 0.34, 0.36, 0.21, 0.57, 0.08, 0.09, 0.52, 0.57, 0.08, 0.73, 0.34, 0.32, 0.52, 0.15, 0.51, 0.38, 0.44, 0.19, 0.4, 0.14, 0.34, 0.27, 0.86, 0.36, 0.32, 0.68, 0.46, 0.31, 0.1, 0.22, 0.5, 0.41, 0.38, 0.37, 0.65, 0.68, 0.32, 0.11, 0.72, 0.8, 0.71, 0.56, 0.71, 0.26, 0.69, 0.38, 0.35, 0.74, 0.29, 0.84, 0.92, 0.61, 0.38, 0.3, 0.67, 0, 0.83, 0.86, 0.94, 0.76, 0.79, 0.09, 0.93, 0.74, 0.47, 0.12, 0.13, 0.18, 0.34, 0.41, 0.48, 0.15, 0.84, 0.77, 0.82, 0.91, 0.13, 0.65, 0.71, 0.92, 0.5, 0.24, 0.99, 0.59, 0.59, 0.38, 0.5, 0.7, 0.18, 0.43, 0.33, 0, 0.64, 0.55, 0.8, 0.87, 0.68, 0.07, 0.86, 0.6, 0.54, 0.54, 0.59, 0.03, 0.83, 0.38, 0.31, 0.69, 0.39, 0.22, 0.51, 0.02, 0.72, 0.02, 0.91, 0.03, 0.17, 0.71, 0.64, 0.18, 0.51, 0.3, 0.12, 0.57, 0.22, 0.01, 0.66, 0.38, 0.98, 0.93, 0.64, 0.22, 0.42, 0.1, 0.77, 0.62, 0.76, 0.02, 0.13, 0.14, 0.87, 0.73, 0.88, 0.25, 0.42, 0.14, 0.43, 0.41, 0.87, 0.45, 0.83, 0.63, 0.77, 0.81, 0.63, 0.09, 0.59, 0.39, 0.18, 0.05, 0.99, 0.24, 0.28, 0.19, 0.01, 0.34, 0.87, 0.29, 0.48, 0.36, 0.98, 0.93, 0.43, 0.41, 0.37, 0.97, 0.04, 0.15, 0.68, 0.46, 0.35, 0.3, 0.28, 0.44, 0.17, 0.45, 0.68, 0.6, 0.17, 0.97, 0.67, 0.56, 0.14, 0.39, 0.9, 0.85, 0.9, 0.46, 0.48, 0.7, 0.06, 0.18, 0.01, 0.56, 0.21, 0.32, 0.68, 0.56, 0.84, 0.29, 0.87, 0.63, 0.32, 0.52, 0.03, 0.09, 0.85, 0.54, 0.71, 0.86, 0.29, 0.52, 0.18, 0.23, 0.21, 0.05, 0.65, 0.53, 0.28, 0.87, 0.24, 0.51, 0.01, 0.87, 0.51, 0.21, 0.81, 0.7, 0.92, 0.85, 0.34, 0.88, 0.78, 0.88, 0.16, 0.2, 0.52, 0.84, 0.81, 0.84, 0.62, 0.32, 0.85, 0.49, 0.17, 0.2, 0.43, 0.37, 0.63, 0.77, 0.67, 0.65, 0.16, 0.49, 0.95, 0.28, 0.7, 0.18, 0.05, 0.05, 0.63, 0.02, 0.01, 0.6, 0.07, 0.69, 0.92, 0.22, 0.98, 0.67, 0.62, 0.54, 0.76, 0.69, 0.84, 0.45, 0.32, 0.08, 0.88, 0.72, 0.33, 0.24, 0.08, 0.02, 0.54, 0.95, 0.2, 0.71, 0.41, 0.06, 0.57, 0.26, 0.15, 0.95, 0.48, 0.31, 0.63, 0.99, 0.83, 0.36, 0.63, 0.78, 0.39, 0.44, 0.14, 0.15, 0.46, 0.83, 0.46, 0.97, 0.25, 0.39, 0.38, 0.33, 0.09, 0.65, 0.71, 0.58, 0.41, 0.35, 0.92, 0.04, 0.94, 0.8, 0.79, 0.89, 0.2, 0.98, 0.79, 0.86, 0.56, 0.65, 0.56, 0.68, 0.44, 0.44, 0.38, 0.19, 0.08, 0.19, 0.92, 0.06, 0.96, 0.17, 0.92, 0.4, 0.86, 0.86, 0.9, 0.49, 0.28, 0.65, 0.25, 0.02, 0.97, 0.64, 0.39, 0.06, 0.1, 0.56, 0.16, 0.42, 0.12, 0.74, 0.88, 0.55, 0.04, 0.64, 0.8, 0.97, 0.31, 0.18, 0.44, 0.65, 0.56, 0.16, 0.85, 0.88, 0.66, 0.49, 0.13, 0.49, 0.57, 0.31, 0.01, 0.78, 0.84, 0.75, 0.04, 0.01, 0.49, 0.77],
      metadata={"metadata_field": "metadata_value"},
    )
  ]
)

index.query(
  vector=[0.99, 0.9, 0.28, 0.7, 0.74, 0.83, 0.37, 0.72, 0.69, 0.35, 0.57, 0.33, 0.59, 0.4, 0.96, 0.68, 0.07, 0.82, 0.67, 0.26, 0.29, 0.77, 0.88, 0.42, 0.15, 0.16, 0.28, 0.5, 0.92, 0.73, 0.55, 0.91, 0.66, 0.35, 0.13, 0.16, 0.11, 0.25, 0.43, 0.03, 0.11, 0.23, 0.4, 0.64, 0.85, 0.79, 0.46, 0.83, 0.8, 0.29, 0.29, 0.49, 0.48, 0.96, 0.78, 0.98, 0.5, 0.05, 0.4, 0.74, 0.45, 0.04, 0.46, 0.81, 0.65, 0.39, 0.44, 0.19, 0.97, 0.48, 0.65, 0.9, 0.32, 0.85, 0.97, 0.86, 0.8, 0.72, 0.9, 0.93, 0.24, 0.46, 0.21, 0.73, 0.7, 0.33, 0.81, 0.69, 0.55, 0.55, 0.02, 0.58, 0.86, 0.31, 0.82, 0.77, 0.66, 0.37, 0.4, 1, 0.92, 0.93, 0.96, 0.74, 0.8, 0.36, 0.7, 0.01, 0.13, 0.09, 0.49, 0.71, 0.37, 0.29, 0.83, 0.87, 0.83, 0.95, 0.47, 0.87, 0.19, 0.34, 0.54, 0.95, 0.04, 0.57, 0.85, 0.46, 0.15, 0.29, 0.54, 0.45, 0.12, 0.41, 0.67, 0.01, 0.68, 0.76, 0.45, 0.11, 0.44, 0.6, 0.57, 0.4, 0.22, 0.23, 0.39, 0.52, 0.52, 0.68, 0.39, 0.34, 0.46, 0.92, 0.46, 0.81, 0.02, 0.04, 0.94, 0.34, 0.81, 0.01, 0.57, 0.94, 0.09, 0.81, 0.18, 0.41, 0.83, 0.97, 0.96, 0.22, 0.88, 0.21, 0.64, 0.13, 0.21, 0.35, 0.64, 0.08, 0.97, 0.11, 0.15, 0.67, 0.87, 0.62, 0.69, 0.01, 0.86, 0.68, 0.61, 0.73, 0.78, 0.92, 0.87, 0.33, 0.45, 0.96, 0.1, 0.41, 0.06, 0.51, 0, 0.62, 0.16, 0.57, 0.47, 0.21, 0.71, 0.6, 0.4, 0.29, 0.73, 1, 0.5, 0.48, 0.08, 0.1, 0.45, 0.54, 0.04, 0.25, 0.89, 0.71, 0.63, 0.49, 0.63, 0.63, 0.7, 0.84, 0.78, 0.77, 0.51, 0.9, 0.96, 0.69, 0.2, 0.66, 0.31, 0.12, 0.68, 0.85, 0.99, 0.81, 0.72, 0.62, 0.33, 0.33, 0.66, 0.45, 0.14, 0.7, 0.37, 0.95, 0.62, 0.39, 0.13, 0.59, 0.9, 0.18, 0.79, 0.45, 0.85, 0.99, 0.95, 0.32, 0.17, 0.97, 0.43, 0.27, 1, 0.03, 0.02, 0.45, 0.11, 0.77, 0.01, 0.89, 0.29, 0.88, 0.21, 0.28, 0.15, 0.54, 0.38, 0.48, 0.33, 0.22, 0.7, 0.63, 0.79, 0.91, 0.86, 0.85, 0.58, 0.97, 0.43, 0.82, 0, 0.24, 0.81, 0.09, 0.08, 0.21, 0.04, 0.42, 0.82, 0.73, 0.04, 0.96, 0.8, 0.53, 0.81, 0.8, 0.26, 0.37, 0.33, 0.77, 0.71, 0.36, 0.95, 0.77, 0.77, 0.55, 0.11, 0.64, 0.38, 0.01, 0.82, 0.55, 0.29, 0.97, 0.12, 0.08, 0.99, 0.18, 0.41, 0.3, 0.84, 0.67, 0.52, 0.87, 0.73, 0.35, 0.78, 0.31, 0.07, 0.51, 0.82, 0.46, 0.11, 0.59, 0.69, 0.79, 0.75, 0.69, 0.85, 0.31, 0.75, 0.75, 0.05, 0.46, 0.13, 0.03, 0.91, 0.15, 0.34, 0.36, 0.21, 0.57, 0.08, 0.09, 0.52, 0.57, 0.08, 0.73, 0.34, 0.32, 0.52, 0.15, 0.51, 0.38, 0.44, 0.19, 0.4, 0.14, 0.34, 0.27, 0.86, 0.36, 0.32, 0.68, 0.46, 0.31, 0.1, 0.22, 0.5, 0.41, 0.38, 0.37, 0.65, 0.68, 0.32, 0.11, 0.72, 0.8, 0.71, 0.56, 0.71, 0.26, 0.69, 0.38, 0.35, 0.74, 0.29, 0.84, 0.92, 0.61, 0.38, 0.3, 0.67, 0, 0.83, 0.86, 0.94, 0.76, 0.79, 0.09, 0.93, 0.74, 0.47, 0.12, 0.13, 0.18, 0.34, 0.41, 0.48, 0.15, 0.84, 0.77, 0.82, 0.91, 0.13, 0.65, 0.71, 0.92, 0.5, 0.24, 0.99, 0.59, 0.59, 0.38, 0.5, 0.7, 0.18, 0.43, 0.33, 0, 0.64, 0.55, 0.8, 0.87, 0.68, 0.07, 0.86, 0.6, 0.54, 0.54, 0.59, 0.03, 0.83, 0.38, 0.31, 0.69, 0.39, 0.22, 0.51, 0.02, 0.72, 0.02, 0.91, 0.03, 0.17, 0.71, 0.64, 0.18, 0.51, 0.3, 0.12, 0.57, 0.22, 0.01, 0.66, 0.38, 0.98, 0.93, 0.64, 0.22, 0.42, 0.1, 0.77, 0.62, 0.76, 0.02, 0.13, 0.14, 0.87, 0.73, 0.88, 0.25, 0.42, 0.14, 0.43, 0.41, 0.87, 0.45, 0.83, 0.63, 0.77, 0.81, 0.63, 0.09, 0.59, 0.39, 0.18, 0.05, 0.99, 0.24, 0.28, 0.19, 0.01, 0.34, 0.87, 0.29, 0.48, 0.36, 0.98, 0.93, 0.43, 0.41, 0.37, 0.97, 0.04, 0.15, 0.68, 0.46, 0.35, 0.3, 0.28, 0.44, 0.17, 0.45, 0.68, 0.6, 0.17, 0.97, 0.67, 0.56, 0.14, 0.39, 0.9, 0.85, 0.9, 0.46, 0.48, 0.7, 0.06, 0.18, 0.01, 0.56, 0.21, 0.32, 0.68, 0.56, 0.84, 0.29, 0.87, 0.63, 0.32, 0.52, 0.03, 0.09, 0.85, 0.54, 0.71, 0.86, 0.29, 0.52, 0.18, 0.23, 0.21, 0.05, 0.65, 0.53, 0.28, 0.87, 0.24, 0.51, 0.01, 0.87, 0.51, 0.21, 0.81, 0.7, 0.92, 0.85, 0.34, 0.88, 0.78, 0.88, 0.16, 0.2, 0.52, 0.84, 0.81, 0.84, 0.62, 0.32, 0.85, 0.49, 0.17, 0.2, 0.43, 0.37, 0.63, 0.77, 0.67, 0.65, 0.16, 0.49, 0.95, 0.28, 0.7, 0.18, 0.05, 0.05, 0.63, 0.02, 0.01, 0.6, 0.07, 0.69, 0.92, 0.22, 0.98, 0.67, 0.62, 0.54, 0.76, 0.69, 0.84, 0.45, 0.32, 0.08, 0.88, 0.72, 0.33, 0.24, 0.08, 0.02, 0.54, 0.95, 0.2, 0.71, 0.41, 0.06, 0.57, 0.26, 0.15, 0.95, 0.48, 0.31, 0.63, 0.99, 0.83, 0.36, 0.63, 0.78, 0.39, 0.44, 0.14, 0.15, 0.46, 0.83, 0.46, 0.97, 0.25, 0.39, 0.38, 0.33, 0.09, 0.65, 0.71, 0.58, 0.41, 0.35, 0.92, 0.04, 0.94, 0.8, 0.79, 0.89, 0.2, 0.98, 0.79, 0.86, 0.56, 0.65, 0.56, 0.68, 0.44, 0.44, 0.38, 0.19, 0.08, 0.19, 0.92, 0.06, 0.96, 0.17, 0.92, 0.4, 0.86, 0.86, 0.9, 0.49, 0.28, 0.65, 0.25, 0.02, 0.97, 0.64, 0.39, 0.06, 0.1, 0.56, 0.16, 0.42, 0.12, 0.74, 0.88, 0.55, 0.04, 0.64, 0.8, 0.97, 0.31, 0.18, 0.44, 0.65, 0.56, 0.16, 0.85, 0.88, 0.66, 0.49, 0.13, 0.49, 0.57, 0.31, 0.01, 0.78, 0.84, 0.75, 0.04, 0.01, 0.49, 0.77],
  top_k=1,
  include_vectors=True,
  include_metadata=True,
)